234.13    
233.08    
231.29    
220.58    
220.21    
222.52    
220.87    
222.98    
218.12    
222.16    
220.45    
221.08    
220.04    
221.07    
222.29    
221.60    
219.90    
221.21    
221.86    
221.80    
223.69    
224.41    
224.72    
220.36    
222.77    
221.16    
222.60    
223.59    
223.77    
223.01    
221.55    
221.43    
221.80    
225.13    
221.85    
224.63    
224.70    
222.93    
221.75    
221.48    
222.09    
222.76    
221.79    
220.67    
220.25    
222.79    
220.61    
219.07    
220.55    
219.76    
222.54    
221.23    
221.82    
219.65    
220.52    
219.38    
223.35    
220.18    
219.42    
221.97    
220.17    
221.38    
222.02    
220.20    
220.57    
221.03    
220.53    
221.49    
221.38    
218.75    
223.73    
221.82    
223.78    
223.58    
212.33    
211.36    
215.17    
215.50    
219.07    
211.81    
