1191.67
1145.19
1209.11
1163.34
1266.43
1227.89
1202.8
1233.7
1229.05
null
1155.11
1138.66
1228.82
1201.03
1160.96
1197.59
1133.81
1188.75
1168.32
1243.74
1204.95
1224.34
1212.25
1192
1135.74
1147.63
1175.82
1219.72
1213.72
1167.42
1178.27
1177.92
1153.15
1167.47
1158.12
1184.44
1196.05
1183.55
1162.89
1114.74
1151.69
1156.49
1140.56
1111.84
1115.82
1105.96
1110.41
1100.39
1174.78
1154.85
1117.05
1091.09
1150.31
1118.11
1140.75
1084.87
1078
1111.3
1104.97
1116.42
1124.32
1093.15
1151.08
1130.92
1104.52
1148.27
1112.82
1135.79
1108.36
1112.72
1101.73
1134.32
1129.91
1142.81
1127.24
1196.88
1099.45
1083.21
1107.47
1114.93