36047.68
36085.11
36153.30
35678.64
35904.16
35610.56
35661.32
35650.11
35447.71
35520.78
35855.66
35410.32
35741.05
35337.85
35435.70
35250.72
33404.64
33260.71
33224.72
33257.90
33059.34
35205.05
35512.14
35376.10
35264.13
35415.41
35543.66
35267.91
35266.28
35453.47
35518.62
35400.29
35388.97
35297.16
35408.28
35110.26
34956.46
34834.32
35443.56
35307.07
35439.35
35309.55
34939.43
34952.15
35064.52
35167.81
35201.48
34812.55
35164.86
34917.14
35006.84
35019.47
34981.13
34747.76
35006.38
35018.47
35134.25
35240.38
35087.75
35085.27
35295.27
35101.66
34986.78
35433.62
