9/9/2015	199.320007	199.470001	194.350006	194.759995	140901400	194.759995
9/8/2015	195.940002	197.610001	195.169998	197.460007	111368600	197.460007
9/4/2015	192.850006	193.860001	191.610001	192.589996	206977400	192.589996
9/3/2015	196.259995	198.050003	194.960007	195.649994	147271600	195.649994
9/2/2015	191.770004	195.460007	191.770004	195.360001	153442600	195.360001
9/1/2015	193.119995	194.770004	190.729996	191.919998	244910500	191.919998
8/31/2015	198.110001	199.130005	197.009995	197.539993	154471400	197.539993
8/28/2015	198.5	199.839996	197.919998	199.240005	143298900	199.240005
8/27/2015	197.020004	199.419998	195.210007	199.160004	266244700	199.160004
8/26/2015	192.080002	194.789993	188.369995	194.679993	328058100	194.679993
8/25/2015	195.429993	195.449997	186.919998	187.229996	353966700	187.229996
8/24/2015	197.630005	197.630005	182.399994	189.550003	478672400	189.550003
8/21/2015	201.729996	203.940002	197.520004	197.630005	328271500	197.630005
8/20/2015	206.509995	208.289993	203.899994	204.009995	185865600	204.009995
8/19/2015	209.089996	210.009995	207.350006	208.279999	167316300	208.279999
8/18/2015	210.259995	210.679993	209.699997	209.929993	70043800	209.929993
8/17/2015	208.710007	210.589996	208.160004	210.559998	77820500	210.559998
8/14/2015	208.429993	209.509995	208.259995	209.360001	69387000	209.360001
8/13/2015	208.729996	209.550003	208.009995	208.699997	88237200	208.699997
8/12/2015	207.110001	209.139999	205.360001	208.830002	168996000	208.830002
8/11/2015	208.970001	209.470001	207.759995	208.660004	117481700	208.660004
8/10/2015	209.279999	210.669998	209.279999	210.630005	77933200	210.630005
8/7/2015	208.160004	208.339996	206.869995	207.919998	110207300	207.919998
8/6/2015	210.289993	210.419998	207.649994	208.350006	108497600	208.350006
8/5/2015	210.449997	211.309998	209.729996	210.100006	82818200	210.100006
8/4/2015	209.699997	210.25	208.800003	209.320007	80272300	209.320007
8/3/2015	210.460007	210.529999	208.649994	209.729996	110797600	209.729996
7/31/2015	211.419998	211.449997	210.160004	210.449997	97697400	210.449997
7/30/2015	210.160004	211.020004	209.419998	210.820007	89368700	210.820007
7/29/2015	209.479996	211.039993	209.309998	210.770004	102056400	210.770004
7/28/2015	207.789993	209.5	206.800003	209.309998	118553000	209.309998
7/27/2015	208	208	206.259995	206.740005	124398800	206.740005
7/24/2015	210.300003	210.369995	207.600006	207.940002	109271100	207.940002
7/23/2015	211.529999	211.649994	209.75	210.139999	87846600	210.139999
7/22/2015	210.929993	211.770004	210.889999	211.289993	84385700	211.289993
7/21/2015	212.429993	212.740005	211.389999	211.759995	75035700	211.759995
7/20/2015	212.75	213.179993	212.210007	212.619995	65523100	212.619995
7/17/2015	212.289993	212.550003	211.800003	212.470001	85410300	212.470001
7/16/2015	211.869995	212.300003	211.580002	212.270004	98172600	212.270004
7/15/2015	210.729996	211.279999	210.039993	210.630005	93588200	210.630005
7/14/2015	209.720001	211.050003	209.649994	210.720001	78370300	210.720001
7/13/2015	208.990005	209.899994	208.940002	209.759995	103805000	209.759995
7/10/2015	207.289993	207.979996	204.949997	207.479996	126039800	207.479996
7/9/2015	207.039993	207.350006	204.770004	204.800003	139210600	204.800003
7/8/2015	208.020004	208.020004	204.25	204.529999	159250700	204.529999
7/7/2015	206.960007	208.169998	204.110001	208.009995	170938200	208.009995
7/6/2015	205.770004	207.649994	205.529999	206.669998	113786000	206.669998
7/2/2015	208.070007	208.270004	206.809998	207.320007	102616600	207.320007
7/1/2015	207.729996	208.029999	206.559998	207.570007	129406500	207.570007
6/30/2015	207.259995	207.320007	205.279999	205.889999	165457500	205.889999
6/29/2015	208.050003	209.830002	205.330002	205.470001	188111300	205.470001
6/26/2015	210.289993	210.580002	209.160004	209.899994	104174800	209.899994
6/25/2015	211.100006	211.25	209.770004	209.830002	97107400	209.830002
6/24/2015	211.720001	212.169998	210.470001	210.509995	92307300	210.509995
6/23/2015	212.139999	212.440002	211.570007	212.050003	68476800	212.050003
6/22/2015	211.910004	212.589996	211.639999	211.889999	70696000	211.889999
6/19/2015	211.460007	211.550003	210.360001	210.809998	130478700	210.809998
6/18/2015	211.309998	213.339996	210.630005	212.710007	165867900	211.680005
6/17/2015	210.589996	211.320007	209.360001	210.589996	126708600	209.57026
6/16/2015	208.929993	210.350006	208.720001	210.25	85308200	209.23191
6/15/2015	208.639999	209.449997	207.789993	209.100006	124384200	208.087485
6/12/2015	210.639999	211.479996	209.679993	209.929993	135382400	208.913453
6/11/2015	211.479996	212.089996	211.199997	211.649994	73876400	210.625125
6/10/2015	209.369995	211.410004	209.300003	210.960007	134551300	209.938479
6/9/2015	208.449997	209.100006	207.690002	208.449997	105034700	207.440623
6/8/2015	209.639999	209.820007	208.389999	208.419998	89063300	207.41077
6/5/2015	209.949997	210.580002	208.979996	209.770004	121704700	208.754239
6/4/2015	211.070007	211.860001	209.75	210.130005	151882800	209.112496
6/3/2015	212	212.669998	211.330002	211.919998	87820900	210.893822
6/2/2015	211.020004	212.190002	210.270004	211.360001	91531000	210.336536
6/1/2015	211.940002	212.339996	210.619995	211.570007	93338800	210.545526
5/29/2015	212.380005	212.429993	210.820007	211.139999	124919600	210.1176
5/28/2015	212.330002	212.589996	211.630005	212.460007	74974600	211.431216
5/27/2015	211.25	212.979996	210.759995	212.699997	93214000	211.670044
5/26/2015	212.399994	212.910004	210.199997	210.699997	124308600	209.679728
5/22/2015	213.039993	213.539993	212.910004	212.990005	57433500	211.958648
5/21/2015	212.710007	213.75	212.509995	213.5	64764600	212.466173
5/20/2015	213.149994	213.779999	212.5	212.880005	76857500	211.84918
5/19/2015	213.240005	213.570007	212.690002	213.029999	72114600	211.998448
5/18/2015	212.240005	213.399994	212.160004	213.100006	74549700	212.068116
5/15/2015	212.440002	212.610001	211.860001	212.440002	76510100	211.411308
5/14/2015	211.240005	212.320007	210.910004	212.210007	95934000	211.182426
5/13/2015	210.470001	211.220001	209.740005	210.020004	94667900	209.003028
5/12/2015	209.610001	210.630005	208.619995	209.979996	119727600	208.963214
5/11/2015	211.570007	211.889999	210.520004	210.610001	75708100	209.590168
5/8/2015	210.880005	211.860001	210.779999	211.619995	155877300	210.595272
5/7/2015	207.919998	209.380005	207.520004	208.869995	88244900	207.858588
5/6/2015	209.559998	209.929993	206.759995	208.039993	135060200	207.032605
5/5/2015	211.029999	211.460007	208.729996	208.899994	113326200	207.888441
5/4/2015	211.229996	212.020004	211.100006	211.320007	70927200	210.296736
5/1/2015	209.399994	210.770004	209.279999	210.720001	103399700	209.699636
4/30/2015	209.880005	210.350006	207.619995	208.460007	161304900	207.450585
4/29/2015	211.440002	211.440002	209.600006	210.570007	125684900	209.550368
4/28/2015	210.740005	211.5	209.330002	211.440002	86863500	210.41615
4/27/2015	212.330002	212.479996	210.539993	210.770004	79358100	209.749397
4/24/2015	211.660004	211.970001	211.110001	211.649994	61327400	210.625125
4/23/2015	210.149994	211.940002	210.009995	211.160004	102585900	210.137508
4/22/2015	210.009995	210.850006	208.899994	210.630005	78264600	209.610075
4/21/2015	209.850006	210.860001	209.240005	209.600006	72559800	208.585064
4/20/2015	209.059998	210.25	208.960007	209.850006	92189500	208.833853
4/17/2015	208.940002	209.229996	207.009995	207.949997	191113200	206.943045
4/16/2015	210.029999	210.979996	209.789993	210.369995	68934900	209.351324
4/15/2015	210.050003	211.039993	209.949997	210.429993	99529300	209.411031
4/14/2015	208.850006	209.710007	208.100006	209.490005	75099900	208.475596
4/13/2015	209.869995	210.630005	209.029999	209.089996	74436600	208.077524
4/10/2015	209.199997	210.089996	208.960007	210.039993	72722900	209.022921
4/9/2015	207.779999	209.179993	207.190002	208.899994	85548900	207.888441
4/8/2015	207.550003	208.509995	207.080002	207.979996	89351900	206.972898
4/7/2015	207.860001	208.759995	207.240005	207.279999	81236300	206.276291
4/6/2015	206.440002	208.449997	205.210007	207.830002	114368200	206.82363
4/2/2015	205.619995	206.979996	205.399994	206.440002	86900900	205.440362
4/1/2015	206.429993	206.429993	204.509995	205.699997	137303600	204.70394
3/31/2015	207.259995	208.100006	206.360001	206.429993	126768700	205.430401
3/30/2015	206.979996	208.610001	206.960007	208.25	96180400	207.241595
3/27/2015	205.130005	205.949997	204.899994	205.740005	118939000	204.743755
3/26/2015	204.960007	206.369995	204.119995	205.270004	153067200	204.276029
3/25/2015	209.070007	209.350006	205.710007	205.759995	159521700	204.763647
3/24/2015	209.850006	210.399994	208.740005	208.820007	77805300	207.808842
3/23/2015	210.419998	211.110001	210	210	71784500	208.983121
3/20/2015	209.710007	211.020004	209.490005	210.410004	177715100	209.391139
3/19/2015	209.960007	210.470001	209.029999	209.5	117917300	207.559056
3/18/2015	207.389999	211.270004	206.619995	210.460007	228808500	208.510169
3/17/2015	207.690002	208.419998	206.979996	207.960007	94510400	206.03333
3/16/2015	206.710007	208.690002	205.860001	208.580002	136099200	206.647582
3/13/2015	206.770004	207.929993	204.580002	205.830002	162410900	203.923059
3/12/2015	205.259995	207.179993	205.199997	207.100006	93993500	205.181297
3/11/2015	205.289993	205.5	204.399994	204.5	110145700	202.605379
3/10/2015	206.710007	206.809998	204.929993	204.979996	157121300	203.080928
3/9/2015	207.740005	208.789993	207.550003	208.360001	89818900	206.429619
3/6/2015	209.419998	209.940002	207.100006	207.5	188128000	205.577586
3/5/2015	210.619995	210.800003	209.850006	210.460007	76873000	208.510169
3/4/2015	210.399994	210.490005	209.059998	210.229996	114497200	208.282289
3/3/2015	211.470001	212.050003	210.080002	211.119995	110325800	209.164043
3/2/2015	210.779999	212.059998	210.720001	211.990005	87491400	210.025993
2/27/2015	211.259995	211.580002	210.600006	210.660004	108076000	208.708313
2/26/2015	211.520004	211.710007	210.649994	211.380005	72697900	209.421644
2/25/2015	211.660004	212.240005	211.220001	211.630005	73061700	209.669327
2/24/2015	211.119995	212.050003	210.759995	211.809998	72472300	209.847652
2/23/2015	210.940002	211.210007	210.479996	211.210007	74411100	209.25322
2/20/2015	209.479996	211.330002	208.729996	211.240005	140896400	209.282941
2/19/2015	209.410004	210.419998	209.240005	209.979996	91462500	208.034605
2/18/2015	209.660004	210.220001	209.339996	210.130005	80652900	208.183224
2/17/2015	209.399994	210.320007	209.100006	210.110001	76968200	208.163405
2/13/2015	209.070007	209.839996	208.759995	209.779999	93670400	207.836461
2/12/2015	207.889999	208.990005	206.970001	208.919998	97545900	206.984428
2/11/2015	206.610001	207.449997	205.830002	206.929993	91087800	205.012859
2/10/2015	205.880005	207.119995	204.679993	206.809998	96164200	204.893976
2/9/2015	204.770004	205.639999	204.139999	204.630005	87219000	202.73418
2/6/2015	206.559998	207.240005	204.919998	205.550003	119694900	203.645655
2/5/2015	204.860001	206.300003	204.770004	206.119995	97953200	204.210366
2/4/2015	203.919998	205.380005	203.509995	204.059998	134306700	202.169454
2/3/2015	203	204.850006	202.550003	204.839996	124212900	202.942226
2/2/2015	200.050003	202.029999	197.860001	201.919998	163107000	200.04928
1/30/2015	200.570007	202.169998	199.130005	199.449997	197729700	197.602163
1/29/2015	200.380005	202.300003	198.679993	201.990005	173585400	200.118639
1/28/2015	204.169998	204.289993	199.910004	200.139999	168514300	198.285773
1/27/2015	202.970001	204.119995	201.740005	202.740005	134044600	200.861691
1/26/2015	204.710007	205.559998	203.850006	205.449997	92009700	203.546575
1/23/2015	205.789993	206.100006	204.809998	204.970001	117516800	203.071026
1/22/2015	203.990005	206.259995	202.330002	206.100006	174356000	204.190562
1/21/2015	201.5	203.660004	200.940002	203.080002	122942700	201.198537
1/20/2015	202.399994	202.720001	200.169998	202.059998	130991100	200.187983
1/16/2015	198.770004	201.820007	198.550003	201.630005	211879600	199.761974
1/15/2015	201.630005	202.009995	198.880005	199.020004	176613900	197.176154
1/14/2015	199.649994	201.100006	198.570007	200.860001	192991100	198.999103
1/13/2015	204.119995	205.479996	200.509995	202.080002	214553300	200.207802
1/12/2015	204.410004	204.600006	201.919998	202.649994	144396100	200.772513
1/9/2015	206.399994	206.419998	203.509995	204.25	158567300	202.357696
1/8/2015	204.009995	206.160004	203.990005	205.899994	147217800	203.992403
1/7/2015	201.419998	202.720001	200.880005	202.309998	125346700	200.435667
1/6/2015	202.089996	202.720001	198.860001	199.820007	209151400	197.968745
1/5/2015	204.169998	204.369995	201.350006	201.720001	169632600	199.851136
1/2/2015	206.380005	206.880005	204.179993	205.429993	121465900	203.526756
12/31/2014	207.990005	208.190002	205.389999	205.539993	130333800	203.635738
12/30/2014	208.210007	208.369995	207.509995	207.600006	73540800	205.676665
12/29/2014	208.220001	208.970001	208.139999	208.720001	79643900	206.786284
12/26/2014	208.309998	208.850006	208.25	208.440002	57326700	206.508879
12/24/2014	208.020004	208.339996	207.720001	207.770004	42963400	205.845088
12/23/2014	208.169998	208.229996	207.399994	207.75	122167900	205.825269
12/22/2014	206.75	207.470001	206.460007	207.470001	148318900	205.547865
12/19/2014	206.429993	207.330002	205.610001	206.520004	245084600	204.606669
12/18/2014	204.740005	212.970001	203.919998	206.779999	247780600	203.739767
12/17/2014	198.440002	202.339996	198.289993	201.789993	253754500	198.823128
12/16/2014	199.509995	202.399994	197.860001	197.910004	259543800	195.000185
12/15/2014	201.979996	202.529999	198.779999	199.509995	189965800	196.576651
12/12/2014	202.639999	203.820007	200.850006	200.889999	202330200	197.936366
12/11/2014	203.880005	206.190002	203.710007	204.190002	159012800	201.18785
12/10/2014	205.910004	205.979996	202.929993	203.160004	154761600	200.172995
12/9/2014	204.369995	206.600006	203.910004	206.470001	125180100	203.434327
12/8/2014	207.520004	208.119995	205.929993	206.610001	108588200	203.572268
12/5/2014	207.869995	208.470001	207.550003	208	91025500	204.941831
12/4/2014	207.539993	208.270004	206.699997	207.660004	89928200	204.606833
12/3/2014	207.300003	208.149994	207.100006	207.889999	69450000	204.833447
12/2/2014	205.809998	207.339996	205.779999	207.089996	72105500	204.045207
12/1/2014	206.399994	206.539993	205.380005	205.759995	103968400	202.734759
11/28/2014	207.490005	207.869995	206.910004	207.199997	57890100	204.15359
11/26/2014	207.289993	207.759995	207.029999	207.639999	61928400	204.587123
11/25/2014	207.539993	207.789993	206.800003	207.110001	79108000	204.064917
11/24/2014	207.169998	207.389999	206.910004	207.259995	65881000	204.212705
11/21/2014	207.639999	207.839996	205.979996	206.679993	142327000	203.641231
11/20/2014	204.259995	205.710007	204.179993	205.580002	72840000	202.557413
11/19/2014	205.309998	205.550003	204.300003	205.220001	82373000	202.202705
11/18/2014	204.440002	205.919998	204.440002	205.550003	76068000	202.527855
11/17/2014	203.850006	204.580002	203.649994	204.369995	80441000	201.365197
11/14/2014	204.100006	204.490005	203.720001	204.240005	80418000	201.237118
11/13/2014	204.160004	204.830002	203.210007	204.190002	85358000	201.18785
11/12/2014	203.350006	204.240005	203.309998	203.960007	90120000	200.961236
11/11/2014	204.059998	204.309998	203.649994	204.179993	54499000	201.177988
11/10/2014	203.380005	204.039993	203.130005	203.979996	66319000	200.980931
11/7/2014	203.169998	203.600006	202.610001	203.339996	89540000	200.350342
11/6/2014	202.389999	203.259995	201.639999	203.149994	107089000	200.163133
11/5/2014	202.539993	202.589996	201.449997	202.339996	91709000	199.365045
11/4/2014	201.229996	201.600006	200.059998	201.070007	93343000	198.113728
11/3/2014	201.919998	202.449997	201.309998	201.770004	93734000	198.803433
10/31/2014	201.779999	201.820007	200.770004	201.660004	146903000	198.69505
10/30/2014	197.580002	199.949997	197.399994	199.380005	113330000	196.448573
10/29/2014	198.550003	199.119995	196.800003	198.110001	142557000	195.197241
10/28/2014	196.820007	198.419998	196.729996	198.410004	106255600	195.492833
10/27/2014	195.729996	196.449997	195.029999	196.160004	82954000	193.275915
10/24/2014	195.25	196.490005	194.490005	196.429993	117927000	193.541934
10/23/2014	194.619995	196.199997	194.259995	194.929993	154944000	192.063988
10/22/2014	194.410004	194.910004	192.610001	192.690002	151822000	189.856932
10/21/2014	191.679993	194.199997	191.479996	194.070007	154949000	191.216647
10/20/2014	188.130005	190.449997	188.070007	190.300003	130011000	187.502072
10/17/2014	188.419998	189.75	187.619995	188.470001	214625000	185.698976
10/16/2014	183.059998	187.580002	182.889999	186.270004	270391000	183.531325
10/15/2014	185.160004	187.690002	181.919998	186.429993	380715000	183.688961
10/14/2014	188.419998	189.820007	187.039993	187.699997	215847000	184.940293
10/13/2014	190.460007	191.149994	187.300003	187.410004	230939000	184.654564
10/10/2014	192.690002	193.649994	190.490005	190.539993	221909000	187.738534
10/9/2014	196.330002	196.600006	192.580002	192.740005	210705000	189.9062
10/8/2014	193.369995	196.919998	192.360001	196.639999	186461000	193.748853
10/7/2014	195.279999	195.720001	193.220001	193.259995	147913000	190.418544
10/6/2014	197.339996	197.600006	195.580002	196.289993	104778000	193.403993
10/3/2014	195.679993	196.940002	195.080002	196.520004	121569000	193.630622
10/2/2014	194.179993	195.059998	192.350006	194.380005	157285000	191.522087
10/1/2014	196.699997	196.770004	193.910004	194.350006	177798000	191.492529
9/30/2014	197.690002	198.300003	196.610001	197.020004	131302000	194.123271
9/29/2014	196.199997	197.889999	196.050003	197.539993	95112000	194.635615
9/26/2014	196.699997	198.389999	196.419998	197.899994	103547000	194.990322
9/25/2014	199.039993	199.050003	196.270004	196.339996	150300000	193.453261
9/24/2014	198.039993	199.690002	197.520004	199.559998	107276000	196.625919
9/23/2014	198.429993	199.259995	197.949997	198.009995	111393000	195.098706
9/22/2014	200.350006	200.380005	198.729996	199.149994	125553000	196.221944
9/19/2014	201.520004	201.899994	200.289993	200.699997	121649000	197.749158
9/18/2014	201.360001	201.850006	201.100006	201.820007	94990000	197.927507
9/17/2014	200.770004	201.679993	199.75	200.75	151266000	196.878137
9/16/2014	198.610001	200.839996	198.5	200.479996	116201000	196.61334
9/15/2014	199.160004	199.320007	198.380005	198.979996	76401000	195.142271
9/12/2014	200.100006	200.119995	198.559998	199.130005	117479000	195.289386
9/11/2014	199.270004	200.330002	199.119995	200.300003	66774400	196.436819
9/10/2014	199.429993	200.199997	198.770004	200.070007	67251000	196.211259
